$ANSIBLE_VAULT;1.1;AES256
37346632336639633331353561303137386338643863303834343831396538386562326531653934
3464303236363865616165653730613436636531663436320a316534383861353963396563386531
64353631333039633038623939343263316134313039373839393666363461376530636266353132
3266333032383230350a653061323565313834313736333765623732666263393963353537623038
34373738303730383632636164383263333864313364613261623631663163613432646365326332
62613564356261623961363030323730663834636435353938316134623938343161653030613839
33326636306330653763396261343139343836646630636366653336386135306234613035656330
36383062323331373830346433373333363237303366643733356337366163303166343234626435
32323130353235303464363165373066643363393639333837656236396230326537376237333461
35666133643965353239383138386665333838663763653334663264383037353133376131333738
38333237353539653932613761623561366265363831393133303365363539616130303134656463
61313262656433346161653739653838356661646464636365336330353763303264346330333564
63393265623665653037393562376630326637323739666261613366323133353862323139636261
30653564623937643363653062303730393366636465626364616430333538643734373766313434
38363465626563353035313465636465666535376639633036653464633933386433366162346161
34653265623062666431333635323430366562336565366230383836383563663334656366616232
33306333353639363564333133643433303632336232623839663136353837636331656438626461
30393039336565613936333561613732366131383264356231616364653333653932656332386266
66326234373563663464653561373265353434333466366331313364383863626533386264383532
38356439306530323636626631333762616639303833643838373133353535363464386336613737
32633136313038386139366231623034666262653933366635376237323530353033313062333435
31323034313136303633303631653830663938313361336433633663316435363962363536616237
36633636633635366363383632303064313766623635306134643432653038653236393963653266
63643435633465373133626632313332326534323837393739663135313332613239343133663763
39623831303764613437393438656466343161386239356263656437656237383934323035616363
34356337366363306661373833363938616435623632353830353638333232646635616232386339
64666636393337396633336639616366313464323033626638323164646533633562333938346337
34346135613933323133613131313362306536333063613465306534363738343832336330653936
66633630306465313433666435646234326335393764363334396434653362303238323763623164
38373536383963386237383162386336623233356562373939663133323637343262333435616638
38616263636563623164316335376464666162383430323532346636383164626230303336653866
62356166643935386264633663616134646137353761316630336336303164626535656164343635
38356437623132383237656638666231343931366661616331333034326334386563386263333535
35616135333466383064303765633664346537313563383330396232376631313338346532643334
37383163613261616464623066383938623766383337333764386662323733353663346161626566
32313766356539393231393861653565623230313530353134643534623463326135366265303130
3537
